120.888164 1875.645118
120.944338 1840.619313
120.972425 1817.268777
121.019236 1782.242972
121.047323 1753.054801
121.112860 1694.678460
121.075411 1712.191362
121.150309 1647.977387
121.178396 1618.789217
121.206483 1595.438680
121.225208 1572.088144
121.272020 1542.899973
121.281382 1531.224705
121.318832 1507.874168
121.384368 1461.173095
121.440542 1402.796754
121.487354 1356.095681
121.534165 1291.881706
121.562253 1245.180633
121.590340 1198.479560
121.609064 1163.453755
121.627789 1151.778487
121.665238 1116.752682
121.712050 1040.863439
121.786949 1000.000000
121.889935 947.461293
121.974196 929.948391
122.123993 900.760220
122.255066 889.084952
122.423588 877.409684
122.498487 871.572049
122.573386 871.572049
122.648285 854.059147
122.723183 854.059147
122.835532 848.221513
122.929155 842.383879
123.107040 865.734415
123.256837 912.435488
123.378548 918.273122
123.518983 918.273122
123.650056 924.110756
123.706230 918.273122
123.818578 912.435488
123.912201 912.435488
123.996463 912.435488
124.052637 906.597854
124.108811 894.922586
124.305420 889.084952
124.370956 877.409684
124.464580 877.409684
124.548841 877.409684
124.605015 871.572049
124.679914 877.409684
124.754813 877.409684
125.026321 877.409684
124.792262 877.409684
124.857798 877.409684
125.070195 1350.258047
125.138148 1321.069877
125.274053 1268.531169
125.409958 1227.667731
125.568514 1186.804292
125.862975 1140.103219
126.044181 1105.077414
126.214063 1099.239780
126.383944 1075.889244
126.587801 1087.564512
126.814310 1087.564512
126.938889 1087.564512
127.097445 1087.564512
127.278652 1058.376341
127.437208 1058.376341
127.607089 1046.701073
127.890225 1046.701073
128.116733 1052.538707
128.309265 1052.538707
128.581075 1058.376341
128.671678 1052.538707
128.864211 1052.538707
128.977465 1052.538707
129.102044 1052.538707
129.203973 1052.538707
129.249275 1052.538707
129.260600 1058.376341
129.317227 1058.376341
129.396505 1064.213975
129.555061 1052.538707
129.702292 1064.213975
129.815546 1058.376341
129.872173 1058.376341
129.917475 1058.376341
130.104601 1280.206438
130.161228 1251.018267
130.274482 1204.317194
130.433038 1151.778487
130.670872 1122.590316
130.886055 1105.077414
131.101238 1099.239780
131.305095 1081.726878
131.531603 1070.051609
131.610881 1070.051609
131.724136 1064.213975
131.894017 1070.051609
132.041247 1070.051609
132.188478 1064.213975
132.301732 1058.376341
132.516915 1058.376341
132.618844 1052.538707
132.720772 1052.538707
132.845352 1064.213975
133.105837 1064.213975
133.230416 1064.213975
133.298369 1064.213975
133.377647 1064.213975
133.456925 1058.376341
133.513552 1058.376341
133.604155 1058.376341
133.762711 1058.376341
133.819338 1052.538707
133.989219 1046.701073
134.147775 1064.213975
134.317656 1046.701073
134.442236 1070.051609
134.612117 1064.213975
134.657419 1046.701073
134.793324 1029.188171
134.917904 1011.675268
135.059728 1321.069877
135.150331 1297.719340
135.308887 1245.180633
135.422141 1221.830097
135.761904 1210.154828
135.977087 1175.129024
136.180945 1175.129024
136.373477 1169.291389
136.588660 1169.291389
136.792517 1175.129024
136.849144 1175.129024
137.041676 1175.129024
137.041676 1175.129024
137.211558 1175.129024
137.370114 1169.291389
137.585296 1163.453755
137.766503 1163.453755
137.959035 1163.453755
138.174218 1163.453755
138.298798 1163.453755
138.400727 1163.453755
138.593259 1157.616121
138.797116 1157.616121
138.989648 1169.291389
139.148204 1169.291389
139.238808 1169.291389
139.318086 1169.291389
139.510618 1169.291389
139.510618 1169.291389
139.635197 1169.291389
139.703150 1169.291389
139.816404 1169.291389
139.861706 1169.291389
139.907007 1169.291389
140.071483 1414.472022
140.116784 1396.959120
140.196062 1356.095681
140.275340 1332.745145
140.365944 1286.044072
140.547150 1245.180633
140.603777 1221.830097
140.694381 1204.317194
140.784984 1186.804292
140.977516 1163.453755
141.181374 1163.453755
141.487160 1157.616121
141.657041 1134.265585
141.736319 1128.427951
141.906200 1110.915048
142.087407 1116.752682
142.200661 1110.915048
142.393193 1122.590316
142.585726 1122.590316
142.585726 1122.590316
142.687654 1122.590316
142.789583 1116.752682
142.880187 1116.752682
143.004766 1105.077414
143.140671 1110.915048
143.287902 1093.402146
143.469108 1093.402146
143.582362 1075.889244
143.740918 1075.889244
143.922125 1075.889244
144.137308 1087.564512
144.273213 1087.564512
144.431769 1087.564512
144.578999 1105.077414
144.760206 1105.077414
144.862135 1116.752682
144.930087 1116.752682
145.060586 1332.745145
145.219142 1286.044072
145.309746 1268.531169
145.490952 1256.855901
145.615532 1245.180633
145.672159 1239.342999
145.785413 1239.342999
145.932644 1233.505365
146.011922 1233.505365
146.102525 1227.667731
146.295057 1227.667731
146.340359 1227.667731
146.442287 1227.667731
146.521565 1221.830097
146.578193 1221.830097
146.736748 1221.830097
146.804701 1221.830097
146.963257 1215.992462
147.031209 1210.154828
147.031209 1210.154828
147.325670 1210.154828
147.427599 1210.154828
147.495551 1210.154828
147.518202 1210.154828
147.676758 1204.317194
147.869290 1204.317194
147.914592 1204.317194
148.107124 1192.641926
148.107124 1192.641926
148.197727 1192.641926
148.537490 1204.317194
148.605442 1204.317194
148.730022 1192.641926
148.763998 1192.641926
148.763998 1192.641926
148.945205 1192.641926
149.069785 1192.641926
149.250991 1186.804292
149.318944 1180.966658
149.409547 1180.966658
149.466174 1180.966658
149.613405 1180.966658
149.692683 1180.966658
149.760635 1180.966658
149.805937 1180.966658
149.839913 1180.966658
149.930516 1180.966658
150.049690 1402.796754
150.230897 1309.394608
150.378127 1303.556974
150.434754 1280.206438
150.559334 1280.206438
150.740541 1280.206438
150.865120 1280.206438
150.967049 1274.368804
151.182232 1274.368804
151.442717 1291.881706
151.533320 1280.206438
151.612598 1268.531169
151.714527 1245.180633
151.907059 1239.342999
152.088265 1239.342999
152.190194 1239.342999
152.360075 1262.693535
152.484655 1262.693535
152.620560 1274.368804
152.654536 1268.531169
152.801767 1268.531169
152.926346 1268.531169
153.130204 1251.018267
153.390689 1251.018267
153.515268 1239.342999
153.628522 1233.505365
153.707800 1233.505365
153.775753 1227.667731
153.866356 1215.992462
153.956960 1210.154828
154.115515 1210.154828
154.206119 1210.154828
154.342024 1210.154828
154.477929 1215.992462
154.477929 1215.992462
154.557207 1221.830097
154.681786 1221.830097
154.761064 1233.505365
154.862993 1239.342999
154.885644 1239.342999
155.072770 1344.420413
155.129397 1309.394608
155.321929 1262.693535
155.333255 1262.693535
155.446509 1227.667731
155.559763 1204.317194
155.661692 1192.641926
155.729644 1192.641926
155.944827 1180.966658
156.148685 1186.804292
156.295915 1175.129024
156.511098 1180.966658
156.692305 1186.804292
156.726281 1186.804292
156.805559 1180.966658
157.009417 1169.291389
157.133996 1169.291389
157.247250 1157.616121
157.417132 1180.966658
157.677616 1151.778487
157.677616 1151.778487
157.847498 1151.778487
157.972077 1151.778487
158.107982 1145.940853
158.198586 1140.103219
158.266538 1140.103219
158.515697 1157.616121
158.515697 1157.616121
158.651602 1145.940853
158.730880 1145.940853
158.912087 1151.778487
159.025341 1157.616121
159.172572 1175.129024
159.331127 1186.804292
159.478358 1186.804292
159.591612 1192.641926
159.704866 1192.641926
159.704866 1192.641926
159.738843 1180.966658
159.784144 1192.641926
159.886073 1204.317194
159.942700 1198.479560
160.061874 1356.095681
160.152477 1326.907511
160.311033 1280.206438
160.480914 1280.206438
160.605494 1280.206438
160.707422 1274.368804
160.854653 1268.531169
161.194415 1280.206438
161.307670 1268.531169
161.534178 1239.342999
161.681409 1221.830097
161.772012 1221.830097
161.953219 1221.830097
162.077798 1210.154828
162.191052 1204.317194
162.372259 1204.317194
162.519490 1204.317194
162.621418 1204.317194
162.745998 1204.317194
162.949855 1215.992462
163.051784 1210.154828
163.051784 1210.154828
163.176364 1210.154828
163.346245 1210.154828
163.493476 1210.154828
163.618055 1210.154828
163.686008 1192.641926
163.901191 1192.641926
163.980469 1192.641926
164.082397 1192.641926
164.150350 1192.641926
164.218302 1192.641926
164.263604 1192.641926
164.376858 1192.641926
164.478787 1215.992462
164.512763 1215.992462
164.558065 1215.992462
164.603367 1215.992462
164.671319 1215.992462
164.716621 1215.992462
164.795899 1215.992462
164.841200 1215.992462
164.841200 1215.992462
164.875177 1215.992462
164.920478 1215.992462
165.055749 1344.420413
165.157678 1251.018267
165.202980 1239.342999
165.395512 1239.342999
165.531417 1221.830097
165.633345 1215.992462
165.735274 1215.992462
165.825878 1215.992462
165.950457 1215.992462
166.041061 1215.992462
166.176966 1204.317194
166.324196 1204.317194
166.414799 1204.317194
166.505403 1204.317194
166.618657 1204.317194
166.686609 1204.317194
166.720586 1204.317194
166.833840 1204.317194
166.969745 1204.317194
167.082999 1210.154828
167.230229 1215.992462
167.343484 1210.154828
167.456738 1204.317194
167.637945 1204.317194
167.773850 1198.479560
167.921080 1192.641926
168.034334 1180.966658
168.136263 1180.966658
168.328795 1175.129024
168.577954 1175.129024
168.634581 1175.129024
168.770486 1169.291389
168.951693 1163.453755
169.087598 1157.616121
169.110249 1157.616121
169.178201 1157.616121
169.223503 1157.616121
169.325432 1151.778487
169.461337 1151.778487
169.585917 1151.778487
169.665194 1151.778487
169.699171 1151.778487
169.699171 1151.778487
169.755798 1151.778487
169.789774 1151.778487
169.823750 1157.616121
169.880377 1157.616121
170.056178 1315.232242
170.203409 1291.881706
170.395941 1286.044072
170.554497 1286.044072
170.667751 1286.044072
170.905585 1286.044072
171.007513 1286.044072
171.132093 1286.044072
171.177395 1286.044072
171.335951 1280.206438
171.449205 1274.368804
171.607761 1274.368804
171.675713 1268.531169
171.754991 1256.855901
171.924872 1256.855901
172.106079 1268.531169
172.219333 1268.531169
172.377889 1262.693535
172.536445 1251.018267
172.649699 1245.180633
172.796930 1245.180633
172.910184 1245.180633
173.000787 1233.505365
173.148018 1233.505365
173.295248 1227.667731
173.385851 1227.667731
173.555733 1210.154828
173.736939 1210.154828
173.884170 1180.966658
173.997424 1175.129024
174.155980 1175.129024
174.291885 1186.804292
174.393814 1180.966658
174.507068 1180.966658
174.563695 1186.804292
174.631647 1186.804292
174.722251 1192.641926
174.846830 1192.641926
174.880807 1192.641926
174.903457 1192.641926
175.090584 1315.232242
175.283116 1303.556974
175.452997 1303.556974
175.622878 1303.556974
175.736133 1303.556974
175.996617 1326.907511
176.166498 1321.069877
176.257102 1315.232242
176.438308 1315.232242
176.551563 1303.556974
176.642166 1303.556974
176.755420 1286.044072
176.857349 1280.206438
176.970603 1280.206438
177.038556 1280.206438
177.219762 1280.206438
177.219762 1280.206438
177.333017 1280.206438
177.468922 1274.368804
177.582176 1274.368804
177.638803 1274.368804
177.774708 1274.368804
177.967240 1274.368804
178.137121 1303.556974
178.137121 1303.556974
178.295677 1297.719340
178.431582 1286.044072
178.624114 1274.368804
178.669416 1274.368804
178.827972 1274.368804
178.884599 1268.531169
178.997853 1268.531169
179.099782 1256.855901
179.224361 1256.855901
179.326290 1256.855901
179.462195 1256.855901
179.462195 1256.855901
179.575449 1256.855901
179.666053 1245.180633
179.779307 1268.531169
179.790632 1268.531169
179.847259 1268.531169
179.903887 1274.368804
180.034386 1338.582779
180.147640 1326.907511
180.306196 1291.881706
180.374148 1291.881706
180.476077 1280.206438
180.611982 1274.368804
180.781863 1268.531169
180.895117 1262.693535
181.042348 1256.855901
181.098975 1256.855901
181.189578 1251.018267
181.325483 1251.018267
181.416087 1245.180633
181.529341 1245.180633
181.574643 1245.180633
181.733198 1245.180633
181.778500 1245.180633
181.778500 1245.180633
181.857778 1245.180633
182.005008 1227.667731
182.129588 1227.667731
182.140913 1227.667731
182.322120 1227.667731
182.446700 1227.667731
182.446700 1227.667731
182.593930 1221.830097
182.593930 1221.830097
182.820439 1221.830097
182.843089 1221.830097
182.945018 1221.830097
182.945018 1221.830097
183.160201 1204.317194
183.364059 1192.641926
183.420686 1192.641926
183.454662 1192.641926
183.669845 1192.641926
183.669845 1192.641926
183.715147 1192.641926
183.715147 1192.641926
183.817075 1192.641926
183.986957 1192.641926
184.100211 1192.641926
184.100211 1192.641926
184.156838 1192.641926
184.168163 1192.641926
184.168163 1192.641926
184.179489 1192.641926
184.292743 1192.641926
184.417323 1192.641926
184.473950 1198.479560
184.473950 1198.479560
184.553228 1198.479560
184.598529 1198.479560
184.700458 1198.479560
184.723109 1198.479560
184.802387 1198.479560
184.813712 1198.479560
184.813712 1198.479560
184.881665 1198.479560
184.926967 1198.479560
185.057466 1227.667731
185.249998 1227.667731
185.351926 1227.667731
185.397228 1227.667731
185.510482 1227.667731
185.623736 1215.992462
185.680364 1215.992462
185.770967 1215.992462
185.906872 1215.992462
186.020126 1210.154828
186.133380 1210.154828
186.303262 1192.641926
186.484468 1192.641926
186.586397 1192.641926
186.756278 1192.641926
186.869533 1192.641926
186.960136 1192.641926
187.050739 1192.641926
187.163993 1180.966658
187.265922 1180.966658
187.299898 1180.966658
187.413153 1180.966658
187.503756 1175.129024
187.662312 1163.453755
187.696288 1163.453755
187.775566 1163.453755
187.775566 1163.453755
187.900146 1157.616121
188.104003 1157.616121
187.945447 1151.778487
188.194607 1151.778487
188.319186 1145.940853
188.477742 1145.940853
188.613647 1145.940853
188.794854 1145.940853
188.885457 1145.940853
189.032688 1145.940853
189.111966 1145.940853
189.225220 1145.940853
189.259196 1145.940853
189.259196 1145.940853
189.383776 1145.940853
189.485704 1151.778487
189.621609 1151.778487
189.768840 1151.778487
189.768840 1151.778487
189.802816 1157.616121
189.859443 1157.616121
189.893419 1157.616121
190.057895 1268.531169
190.284403 1233.505365
190.341030 1233.505365
190.408983 1227.667731
190.442959 1227.667731
190.567539 1227.667731
190.748745 1227.667731
190.850674 1227.667731
190.929952 1227.667731
191.043206 1227.667731
191.156460 1227.667731
191.303691 1215.992462
191.303691 1215.992462
191.416945 1215.992462
191.507548 1215.992462
191.575501 1215.992462
191.654779 1215.992462
191.756708 1215.992462
191.869962 1210.154828
192.017192 1204.317194
192.017192 1204.317194
192.107795 1198.479560
192.266351 1192.641926
192.356955 1192.641926
192.526836 1186.804292
192.685392 1180.966658
192.685392 1180.966658
192.798646 1180.966658
192.900575 1169.291389
193.013829 1163.453755
193.195036 1157.616121
193.206361 1157.616121
193.274314 1157.616121
193.387568 1157.616121
193.387568 1157.616121
193.478171 1157.616121
193.614076 1145.940853
193.738656 1145.940853
193.953839 1134.265585
194.089744 1116.752682
194.089744 1116.752682
194.202998 1105.077414
194.350228 1105.077414
194.542760 1087.564512
194.542760 1087.564512
194.622038 1087.564512
194.689991 1087.564512
194.769269 1087.564512
194.848547 1087.564512
194.927825 1081.726878
195.035673 1093.402146
195.114951 1081.726878
195.239530 1081.726878
195.352785 1070.051609
195.500015 1070.051609
195.567968 1070.051609
195.567968 1070.051609
195.613269 1070.051609
195.635920 1070.051609
195.794476 1070.051609
195.885079 1070.051609
195.896405 1070.051609
196.020984 1070.051609
196.043635 1070.051609
196.156889 1070.051609
196.281469 1070.051609
196.451350 1070.051609
196.609906 1058.376341
196.768462 1058.376341
196.927018 1058.376341
197.028947 1052.538707
197.108225 1052.538707
197.176177 1052.538707
197.391360 1052.538707
197.538590 1052.538707
197.538590 1052.538707
197.674495 1052.538707
197.821726 1046.701073
197.912329 1046.701073
198.014258 1052.538707
198.116187 1052.538707
198.116187 1052.538707
198.206790 1046.701073
198.387997 1046.701073
198.387997 1046.701073
198.569204 1046.701073
198.693783 1040.863439
198.841014 1040.863439
198.988244 1040.863439
199.260054 1040.863439
199.260054 1040.863439
199.361983 1040.863439
199.475237 1029.188171
199.611142 1029.188171
199.611142 1029.188171
199.713071 1029.188171
199.747047 1029.188171
199.803674 1029.188171
199.803674 1029.188171
199.860301 1029.188171
199.894278 1029.188171
200.058753 1023.350536
200.172007 1017.512902
200.273936 1017.512902
200.432492 1023.350536
200.534420 1023.350536
200.579722 1023.350536
200.659000 1023.350536
200.749603 1023.350536
200.749603 1023.350536
200.840207 1023.350536
200.964786 1023.350536
201.145993 1029.188171
201.168644 1029.188171
201.338525 1029.188171
201.474430 1029.188171
201.542383 1029.188171
201.723589 1029.188171
201.768891 1029.188171
201.950098 1029.188171
201.995399 1029.188171
201.995399 1029.188171
202.153955 1029.188171
202.335162 1029.188171
202.335162 1029.188171
202.505043 1029.188171
202.505043 1029.188171
202.652274 1029.188171
202.652274 1029.188171
202.822155 1035.025805
202.958060 1035.025805
203.093965 1035.025805
203.252521 1035.025805
203.433728 1035.025805
203.569633 1035.025805
203.682887 1035.025805
203.886744 1035.025805
203.932046 1035.025805
203.966022 1035.025805
204.090602 1035.025805
204.226507 1029.188171
204.328436 1029.188171
204.430365 1029.188171
204.498317 1029.188171
204.543619 1029.188171
204.679524 1029.188171
204.770127 1029.188171
204.815429 1029.188171
204.826754 1029.188171
204.849405 1029.188171
204.894707 1040.863439
205.059182 1122.590316
205.104484 1122.590316
205.138460 1122.590316
205.183762 1122.590316
205.274365 1116.752682
205.398945 1116.752682
205.466897 1116.752682
205.568826 1116.752682
205.795334 1110.915048
205.863287 1110.915048
205.953890 1110.915048
206.067144 1110.915048
206.191724 1105.077414
206.304978 1105.077414
206.463534 1099.239780
206.508836 1099.239780
206.678717 1099.239780
206.837273 1099.239780
207.029805 1099.239780
207.086432 1099.239780
207.244988 1099.239780
207.437520 1093.402146
207.573425 1093.402146
207.573425 1093.402146
207.698005 1093.402146
207.856560 1093.402146
208.026442 1064.213975
208.196323 1052.538707
208.377530 1052.538707
208.581387 1052.538707
208.683316 1052.538707
208.909824 1046.701073
209.226936 1046.701073
209.306214 1046.701073
209.476095 1052.538707
209.713929 1052.538707
209.781882 1052.538707
209.917787 1052.538707
210.036960 1099.239780
210.070937 1087.564512
210.127564 1081.726878
210.206842 1081.726878
210.297445 1081.726878
210.433350 1081.726878
210.580580 1075.889244
210.739136 1075.889244
210.863716 1075.889244
211.067573 1075.889244
211.214804 1075.889244
211.305407 1075.889244
211.509265 1075.889244
211.577217 1070.051609
211.577217 1070.051609
211.724448 1070.051609
211.769749 1070.051609
212.098186 1064.213975
212.268068 1064.213975
212.381322 1064.213975
212.596505 1052.538707
212.823013 1023.350536
212.981569 1017.512902
213.174101 1011.675268
213.377959 982.487098
213.479888 964.974195
213.661094 964.974195
213.785674 959.136561
213.989531 959.136561
214.102786 959.136561
214.102786 959.136561
214.238691 959.136561
214.306643 959.136561
214.397246 970.811829
214.510501 970.811829
214.612429 970.811829
214.623755 970.811829
214.748334 964.974195
214.748334 964.974195
214.804962 964.974195
214.850263 964.974195
214.940867 964.974195
215.060040 1052.538707
215.139318 1052.538707
215.263898 1035.025805
215.467755 1011.675268
215.626311 988.324732
215.694264 988.324732
215.886796 988.324732
216.101979 988.324732
216.283185 988.324732
216.441741 988.324732
216.588972 988.324732
216.668250 988.324732
216.736202 982.487098
216.872107 982.487098
216.928734 982.487098
217.019338 982.487098
217.166568 970.811829
217.257171 970.811829
217.449704 970.811829
217.495005 970.811829
217.495005 970.811829
217.630910 970.811829
217.676212 970.811829
217.778141 982.487098
217.834768 982.487098
217.834768 982.487098
217.925371 982.487098
218.038625 982.487098
218.129229 988.324732
218.253808 988.324732
218.253808 988.324732
218.378388 988.324732
218.378388 988.324732
218.378388 988.324732
218.468991 988.324732
218.548269 988.324732
218.706825 988.324732
218.706825 988.324732
218.899357 988.324732
218.978635 988.324732
219.114540 988.324732
219.227794 988.324732
219.397676 988.324732
219.522255 994.162366
219.646835 994.162366
219.748764 994.162366
219.771414 994.162366
219.794065 994.162366
219.816716 994.162366
219.873343 994.162366
219.895994 994.162366
220.060469 1046.701073
220.060469 1046.701073
220.139747 1035.025805
220.264327 1035.025805
220.434208 1029.188171
220.570113 1029.188171
220.672042 1029.188171
220.841923 1011.675268
220.955177 1011.675268
221.136384 1011.675268
221.204337 1011.675268
221.408194 1005.837634
221.634703 1000.000000
221.759282 994.162366
221.759282 994.162366
221.906513 994.162366
222.053743 994.162366
222.121696 994.162366
222.314228 994.162366
222.540736 976.649464
222.744594 976.649464
222.914475 964.974195
223.084356 964.974195
223.197610 964.974195
223.265563 964.974195
223.310865 964.974195
223.390142 964.974195
223.571349 959.136561
223.707254 953.298927
223.786532 953.298927
223.956413 959.136561
224.047017 959.136561
224.137620 953.298927
224.205573 947.461293
224.352803 929.948391
224.511359 929.948391
224.579311 924.110756
224.658589 918.273122
224.749193 918.273122
224.783169 912.435488
224.817145 906.597854
224.839796 906.597854
224.907749 906.597854
225.060898 912.435488
225.117525 912.435488
225.366685 912.435488
225.525241 912.435488
225.661146 912.435488
225.842352 912.435488
226.034884 912.435488
226.329345 912.435488
226.793687 918.273122
226.918267 912.435488
227.178752 912.435488
227.348633 924.110756
227.552491 912.435488
227.733697 924.110756
227.937555 924.110756
228.118762 924.110756
228.265992 924.110756
228.526477 900.760220
228.741660 918.273122
228.911541 912.435488
229.024795 912.435488
229.228653 918.273122
229.375883 918.273122
229.500463 918.273122
229.692995 912.435488
229.828900 912.435488
229.874201 912.435488
229.908178 912.435488
230.027736 918.273122
230.463840 889.084952
230.601558 889.084952
230.739275 889.084952
230.739275 889.084952
230.922897 889.084952
231.014709 894.922586
231.129473 894.922586
231.290143 894.922586
231.427860 894.922586
231.473766 894.922586
231.703294 894.922586
232.024634 889.084952
232.162351 889.084952
232.345974 889.084952
232.690267 865.734415
232.850937 865.734415
233.149324 865.734415
233.378852 854.059147
233.677239 854.059147
233.975626 859.896781
234.274013 859.896781
234.595353 854.059147
234.847835 848.221513
234.847835 848.221513
235.146222 848.221513
235.444609 848.221513
235.880713 848.221513
236.225006 854.059147
236.546345 854.059147
236.798827 854.059147
237.211978 848.221513
237.418554 824.870976
237.671035 819.033342
237.831705 801.520440
238.038281 784.007538
238.244856 784.007538
238.726866 754.819367
238.726866 754.819367
239.025253 760.657001
239.277734 760.657001
239.484310 754.819367
239.690886 754.819367
239.690886 754.819367
239.851556 754.819367
239.897461 754.819367
240.100715 912.435488
240.146621 912.435488
240.192526 912.435488
240.238432 912.435488
240.422055 912.435488
240.651583 912.435488
240.835206 912.435488
240.972923 912.435488
241.110640 912.435488
241.271310 912.435488
241.409027 912.435488
241.638556 912.435488
241.638556 912.435488
242.051707 900.760220
242.464858 889.084952
242.717340 889.084952
242.717340 889.084952
243.084585 871.572049
243.337066 871.572049
243.428878 871.572049
244.117463 859.896781
244.117463 859.896781
244.599473 842.383879
244.897860 824.870976
245.288059 801.520440
245.724163 795.682806
245.838927 795.682806
246.550465 784.007538
246.940664 784.007538
246.986569 784.007538
247.307909 784.007538
247.330862 784.007538
247.514485 784.007538
247.606296 789.845172
247.835825 789.845172
248.111259 789.845172
248.111259 789.845172
248.386693 789.845172
248.708033 789.845172
248.822797 795.682806
248.914609 795.682806
249.029373 795.682806
249.052326 795.682806
249.327760 819.033342
249.511383 824.870976
249.603194 824.870976
249.603194 824.870976
249.855675 813.195708
250.016345 813.195708
250.127372 725.631196
250.264183 725.631196
250.560607 725.631196
250.879833 725.631196
251.335870 731.468831
251.700700 772.332269
252.179538 754.819367
252.589971 772.332269
253.046008 772.332269
253.342432 778.169903
253.707262 772.332269
254.208902 772.332269
254.642137 766.494635
255.075372 754.819367
255.371796 754.819367
255.827833 743.144099
256.124257 719.793562
256.306672 702.280660
256.785511 661.417221
256.945123 661.417221
257.287151 655.579587
257.651981 643.904319
258.039612 643.904319
258.039612 643.904319
258.404441 620.553782
258.746469 614.716148
259.042893 614.716148
259.202506 614.716148
259.476128 603.040880
259.635741 603.040880
259.772552 603.040880
259.840958 603.040880
259.909363 603.040880
260.066371 702.280660
260.410664 702.280660
260.915626 719.793562
261.145155 731.468831
261.535353 731.468831
261.879646 725.631196
262.292797 690.605392
262.751854 684.767758
263.050241 684.767758
263.417487 684.767758
263.761780 684.767758
263.761780 684.767758
263.968355 684.767758
264.266742 684.767758
264.542177 684.767758
264.794658 684.767758
264.794658 684.767758
264.978281 684.767758
265.161904 684.767758
265.414385 684.767758
265.666866 684.767758
265.735725 684.767758
265.919348 684.767758
266.286593 684.767758
266.493169 690.605392
266.768603 690.605392
266.860414 690.605392
267.112896 690.605392
267.319471 690.605392
267.617858 690.605392
267.709670 690.605392
267.709670 690.605392
267.824434 690.605392
268.031010 696.443026
268.214632 696.443026
268.444161 696.443026
268.581878 708.118294
268.788454 708.118294
268.788454 708.118294
268.880265 708.118294
268.949124 708.118294
269.063888 708.118294
269.155699 708.118294
269.316369 708.118294
269.522945 708.118294
269.522945 708.118294
269.591803 708.118294
269.683615 708.118294
269.683615 708.118294
269.752473 708.118294
269.844285 708.118294
269.890190 708.118294
270.047576 591.365612
270.207189 585.527978
270.412406 585.527978
270.640424 585.527978
270.936848 608.878514
271.415687 608.878514
271.643705 603.040880
272.076940 620.553782
272.510175 620.553782
272.829401 620.553782
273.057419 620.553782
273.604664 591.365612
274.265917 573.852709
274.744756 573.852709
275.086783 562.177441
275.360405 556.339807
275.656829 544.664539
275.953253 544.664539
276.340885 544.664539
276.340885 544.664539
276.660111 544.664539
276.865327 544.664539
276.865327 544.664539
276.979336 550.502173
277.138949 550.502173
277.298562 544.664539
277.594986 544.664539
277.959816 544.664539
278.187834 538.826905
278.393051 538.826905
278.643871 538.826905
278.826286 538.826905
279.099908 550.502173
279.259521 550.502173
279.259521 550.502173
279.464737 550.502173
279.624350 544.664539
279.852369 544.664539
279.897972 532.989270
280.054980 509.638734
280.192697 509.638734
280.330414 509.638734
280.445179 503.801100
280.536990 503.801100
280.789471 503.801100
281.041953 521.314002
281.523963 521.314002
281.730538 532.989270
282.143690 527.151636
282.487982 544.664539
282.924086 544.664539
283.130662 544.664539
283.268379 538.826905
283.360191 538.826905
283.543813 538.826905
283.819247 538.826905
284.025823 550.502173
284.094682 550.502173
284.416022 550.502173
284.806220 544.664539
285.242324 568.015075
285.494805 556.339807
285.701381 556.339807
286.022721 544.664539
286.481778 527.151636
286.527684 527.151636
287.009693 538.826905
287.353986 538.826905
287.583515 538.826905
287.652373 538.826905
288.134383 550.502173
288.180289 550.502173
288.593440 538.826905
289.052497 556.339807
289.052497 556.339807
289.304978 562.177441
289.603365 562.177441
289.603365 562.177441
289.672224 562.177441
289.672224 562.177441
289.764035 562.177441
289.855847 573.852709
289.878800 573.852709
290.127393 568.015075
290.332609 585.527978
290.629033 591.365612
290.971061 591.365612
291.335890 603.040880
291.655116 603.040880
292.202360 603.040880
292.635595 603.040880
293.114434 568.015075
293.479263 544.664539
293.730084 527.151636
294.094913 509.638734
294.642157 509.638734
294.642157 509.638734
294.984185 521.314002
295.280609 521.314002
295.668240 521.314002
296.055872 521.314002
296.375098 521.314002
296.580314 521.314002
296.831134 521.314002
297.218766 497.963466
297.378379 497.963466
297.560793 497.963466
298.085236 497.963466
298.244849 550.502173
298.769291 544.664539
298.860498 544.664539
299.156922 532.989270
299.179724 532.989270
299.498950 503.801100
299.658563 474.612929
299.658563 474.612929
299.772572 468.775295
299.818176 474.612929
299.886581 468.775295
300.069804 492.125832
300.437050 492.125832
300.643625 503.801100
300.827248 503.801100
301.332211 515.476368
301.676503 538.826905
302.502806 562.177441
303.030721 562.177441
303.352061 544.664539
303.834071 538.826905
304.361987 509.638734
304.407892 509.638734
304.935808 480.450563
305.647346 509.638734
305.945733 556.339807
307.024517 655.579587
307.024517 655.579587
307.575386 655.579587
308.378735 661.417221
308.378735 661.417221
308.745981 667.254855
309.136179 667.254855
309.480472 667.254855
309.710001 667.254855
309.870670 667.254855
310.008388 667.254855
310.119414 608.878514
310.370235 608.878514
310.712262 620.553782
310.871875 626.391416
311.099894 638.066685
311.533129 638.066685
311.875156 632.229051
312.285590 632.229051
312.832834 614.716148
312.946843 614.716148
313.471285 568.015075
313.858917 568.015075
314.269350 591.365612
314.269350 591.365612
314.520170 603.040880
315.067414 638.066685
315.432244 643.904319
315.751470 643.904319
316.047894 643.904319
316.047894 643.904319
316.161903 643.904319
316.914364 626.391416
317.301995 597.203246
317.644023 597.203246
318.168465 597.203246
318.191267 597.203246
318.578898 556.339807
318.578898 556.339807
319.103341 568.015075
319.376963 544.664539
319.399765 544.664539
319.627783 544.664539
319.855801 527.151636
319.855801 527.151636
320.058413 527.151636
320.242036 497.963466
320.769951 492.125832
321.389678 503.801100
321.665113 503.801100
321.756924 503.801100
321.986452 503.801100
322.422557 503.801100
322.697991 503.801100
322.697991 503.801100
322.812755 503.801100
323.180001 503.801100
323.180001 503.801100
323.478388 532.989270
324.029256 544.664539
324.144020 544.664539
324.212879 544.664539
324.373549 550.502173
324.603077 556.339807
325.016229 568.015075
325.222804 568.015075
325.521191 591.365612
325.934342 626.391416
325.934342 626.391416
326.485211 626.391416
326.599975 626.391416
327.219702 626.391416
327.357419 626.391416
327.747618 626.391416
327.747618 626.391416
328.229627 603.040880
328.252580 603.040880
328.573920 597.203246
329.055930 562.177441
329.147741 556.339807
329.216600 556.339807
329.514987 527.151636
329.652704 515.476368
329.836327 503.801100
329.836327 503.801100
329.928138 497.963466
330.108024 538.826905
330.153627 538.826905
330.404448 515.476368
330.746475 515.476368
331.042899 515.476368
331.498936 515.476368
332.274199 515.476368
332.319802 515.476368
332.707434 515.476368
332.935452 515.476368
333.277480 521.314002
333.437093 521.314002
333.733517 532.989270
333.733517 532.989270
334.052742 544.664539
334.349166 556.339807
334.805203 573.852709
334.828005 573.852709
335.489259 597.203246
335.603268 597.203246
335.899692 597.203246
336.104908 597.203246
336.196116 597.203246
336.196116 597.203246
336.606549 597.203246
336.948577 597.203246
337.222199 597.203246
337.632632 591.365612
337.632632 591.365612
338.271083 544.664539
338.544706 509.638734
338.727120 468.775295
339.046346 433.749490
339.091950 433.749490
339.251563 433.749490
339.547987 445.424759
339.547987 445.424759
339.661996 445.424759
339.661996 445.424759
339.821609 451.262393
339.890014 451.262393
340.024069 474.612929
340.230645 468.775295
340.804466 457.100027
341.194665 457.100027
341.424193 457.100027
342.135732 457.100027
342.296401 457.100027
342.548883 457.100027
342.801364 457.100027
343.053845 451.262393
343.191563 451.262393
343.604714 416.236588
343.903101 416.236588
344.063771 416.236588
344.431016 416.236588
344.431016 416.236588
344.821215 416.236588
345.142555 404.561320
345.463895 404.561320
345.899999 422.074222
346.083622 422.074222
346.382009 422.074222
346.382009 422.074222
346.841066 422.074222
347.047641 422.074222
347.414887 422.074222
347.437840 422.074222
347.896897 422.074222
348.172331 422.074222
348.287095 422.074222
348.424812 422.074222
348.769105 439.587125
348.883869 445.424759
349.319973 445.424759
349.319973 445.424759
349.503596 451.262393
349.503596 451.262393
349.870842 480.450563
349.870842 480.450563
349.870842 480.450563
350.090494 427.911856
350.365929 427.911856
350.618410 427.911856
350.824985 427.911856
351.008608 427.911856
351.215184 427.911856
351.697194 427.911856
351.972628 439.587125
352.202156 439.587125
352.431685 439.587125
352.730072 439.587125
352.913695 439.587125
352.936648 439.587125
353.028459 439.587125
353.189129 439.587125
353.303893 439.587125
354.084290 439.587125
354.313819 439.587125
354.704017 439.587125
354.704017 439.587125
355.140121 439.587125
355.140121 439.587125
355.208980 439.587125
355.690989 439.587125
355.690989 439.587125
356.379575 439.587125
356.379575 439.587125
356.930443 427.911856
357.068160 427.911856
357.389500 427.911856
357.389500 427.911856
357.619029 427.911856
358.055133 445.424759
358.123991 445.424759
358.330567 445.424759
358.651907 457.100027
358.697813 457.100027
359.225728 457.100027
359.271634 457.100027
359.340492 457.100027
359.455257 457.100027
359.570021 457.100027
359.822502 457.100027
359.960219 457.100027
360.139954 492.125832
360.299567 492.125832
361.006424 422.074222
361.439659 422.074222
361.850092 445.424759
362.214921 445.424759
362.283327 445.424759
362.876175 445.424759
363.742645 457.100027
364.016267 457.100027
364.472304 457.100027
365.407179 480.450563
365.658000 480.450563
365.726405 480.450563
366.091235 474.612929
366.091235 474.612929
366.387659 474.612929
366.456064 474.612929
366.570073 474.612929
366.866497 457.100027
367.026110 457.100027
367.162921 457.100027
367.732967 445.424759
368.143401 439.587125
368.462626 433.749490
368.781852 433.749490
369.055474 433.749490
369.192285 433.749490
369.671124 427.911856
369.671124 427.911856
369.671124 427.911856
369.762331 422.074222
369.853539 422.074222
370.079104 439.587125
370.354538 433.749490
370.813595 433.749490
370.997217 433.749490
371.708756 462.937661
372.007143 462.937661
372.236671 462.937661
372.741634 462.937661
373.040021 462.937661
373.797465 445.424759
374.325381 439.587125
374.922155 439.587125
375.381212 439.587125
375.909127 439.587125
375.909127 439.587125
376.414090 433.749490
376.666571 433.749490
376.735430 433.749490
376.873147 433.749490
377.263345 427.911856
377.446968 427.911856
377.745355 427.911856
377.791261 427.911856
378.181459 427.911856
378.388035 427.911856
378.617563 427.911856
378.709375 427.911856
378.824139 427.911856
379.030714 427.911856
379.306149 427.911856
379.375007 427.911856
379.811111 427.911856
379.811111 427.911856
379.902923 422.074222
380.060157 451.262393
380.333779 433.749490
380.949429 433.749490
381.063438 433.749490
381.382664 433.749490
381.519475 433.749490
381.633484 433.749490
381.679088 433.749490
381.952710 439.587125
382.180729 439.587125
382.271936 439.587125
382.271936 439.587125
382.841982 439.587125
383.047199 439.587125
383.161208 439.587125
383.822461 439.587125
383.982074 439.587125
384.278498 439.587125
384.483715 439.587125
384.780139 439.587125
384.825743 439.587125
385.030959 439.587125
385.053761 439.587125
385.144968 439.587125
385.601005 462.937661
385.988637 468.775295
386.216655 468.775295
386.330664 468.775295
387.060323 439.587125
387.105927 439.587125
387.311143 439.587125
387.447955 439.587125
387.653171 439.587125
387.949595 439.587125
388.360028 433.749490
388.382830 433.749490
388.451236 433.749490
388.747660 433.749490
388.930074 433.749490
389.021282 433.749490
389.272102 427.911856
389.454517 427.911856
389.500120 427.911856
389.568526 427.911856
389.659733 427.911856
389.659733 427.911856
389.933355 427.911856
390.044760 451.262393
390.044760 451.262393
390.182477 445.424759
390.641534 445.424759
390.802204 445.424759
391.100591 445.424759
391.100591 445.424759
391.192402 445.424759
391.582601 445.424759
391.880988 445.424759
392.294139 445.424759
392.500715 445.424759
393.051583 468.775295
393.120442 468.775295
393.258159 468.775295
393.671310 468.775295
393.809027 468.775295
394.291037 468.775295
394.313990 468.775295
394.313990 468.775295
394.543518 468.775295
394.566471 468.775295
395.163245 439.587125
395.461632 439.587125
395.691161 439.587125
396.035453 445.424759
396.310888 445.424759
396.953567 486.288198
397.206049 486.288198
397.343766 486.288198
397.848728 462.937661
397.940540 462.937661
398.353691 462.937661
398.399597 462.937661
399.042277 462.937661
399.157041 462.937661
399.340664 462.937661
399.455428 462.937661
399.639051 462.937661
399.822673 462.937661
399.822673 462.937661
399.960390 457.100027
400.042326 445.424759
400.042326 445.424759
400.271855 445.424759
400.730912 445.424759
400.822723 445.424759
401.167016 445.424759
401.511308 445.424759
401.534261 445.424759
401.970365 445.424759
402.314658 445.424759
402.544187 445.424759
402.567139 445.424759
402.681904 445.424759
402.819621 445.424759
403.714782 445.424759
403.714782 445.424759
403.760688 445.424759
404.609943 445.424759
404.793566 445.424759
404.954236 445.424759
405.505104 462.937661
405.688727 462.937661
405.987114 462.937661
406.239595 462.937661
406.262548 462.937661
406.537982 462.937661
406.698652 462.937661
406.882275 462.937661
407.157709 462.937661
407.249521 462.937661
407.685625 462.937661
407.685625 462.937661
407.869248 462.937661
408.213540 462.937661
408.649644 462.937661
408.856220 462.937661
408.902126 462.937661
409.039843 462.937661
409.062796 462.937661
409.315277 462.937661
409.728428 451.262393
409.889098 445.424759
409.889098 445.424759
409.935004 433.749490
410.114889 462.937661
410.206097 462.937661
410.434115 462.937661
410.593728 462.937661
410.776143 462.937661
411.163774 462.937661
411.619811 462.937661
411.711018 462.937661
411.802226 462.937661
412.030244 462.937661
412.509083 462.937661
412.805507 462.937661
412.965120 462.937661
413.763184 462.937661
413.763184 462.937661
414.082410 462.937661
414.561249 462.937661
414.880475 462.937661
414.880475 462.937661
415.062889 462.937661
415.062889 462.937661
415.382115 462.937661
415.792548 462.937661
415.838152 462.937661
416.043369 462.937661
416.294189 462.937661
417.001046 416.236588
417.365875 404.561320
417.867516 404.561320
418.072733 404.561320
418.391958 404.561320
418.916401 410.398954
419.007608 410.398954
419.121617 410.398954
419.509249 422.074222
419.600456 422.074222
419.782871 422.074222
419.782871 422.074222
419.919682 422.074222
420.053888 433.749490
420.306369 422.074222
421.040861 422.074222
421.431059 427.911856
421.706493 433.749490
422.257362 433.749490
422.257362 433.749490
423.083664 433.749490
423.267287 433.749490
423.680438 422.074222
423.955872 422.074222
424.185401 422.074222
424.277212 422.074222
424.437882 422.074222
424.598552 422.074222
424.919892 427.911856
425.057609 427.911856
425.401902 427.911856
425.493713 427.911856
425.746195 427.911856
425.906865 427.911856
426.411827 410.398954
426.870884 398.723686
427.031554 398.723686
427.536517 416.236588
427.628328 416.236588
427.651281 416.236588
427.972621 416.236588
428.316914 416.236588
428.431678 416.236588
428.569395 416.236588
428.775971 416.236588
428.913688 416.236588
429.212075 416.236588
429.395698 416.236588
429.510462 416.236588
429.533415 416.236588
429.785896 416.236588
429.900660 416.236588
430.080697 445.424759
430.149102 445.424759
430.377121 439.587125
430.399923 439.587125
430.627941 439.587125
430.650743 439.587125
430.992770 439.587125
431.289194 439.587125
431.471609 439.587125
431.608420 439.587125
432.201268 457.100027
432.360881 457.100027
432.566098 457.100027
432.794116 462.937661
432.794116 462.937661
432.999333 462.937661
433.272955 462.937661
433.272955 462.937661
433.478171 462.937661
433.820199 462.937661
434.116623 462.937661
434.367443 462.937661
434.800678 462.937661
434.937489 462.937661
435.097102 462.937661
435.211111 462.937661
435.439130 462.937661
435.667148 462.937661
435.735554 462.937661
436.282798 462.937661
436.442411 462.937661
436.693231 462.937661
437.012457 462.937661
437.126466 462.937661
437.400088 462.937661
437.559701 462.937661
437.696512 462.937661
438.198153 457.100027
438.243757 457.100027
438.448973 457.100027
438.517379 457.100027
438.791001 445.424759
439.155830 433.749490
439.292641 433.749490
439.452254 433.749490
439.520660 433.749490
439.725876 416.236588
439.771480 416.236588
439.839886 416.236588
440.042497 410.398954
440.249073 410.398954
440.570413 410.398954
441.029470 427.911856
441.901678 427.911856
442.750933 427.911856
443.278849 427.911856
443.278849 427.911856
443.944482 422.074222
444.036293 422.074222
444.036293 422.074222
444.174010 422.074222
444.701926 410.398954
445.000313 410.398954
445.229841 410.398954
445.413464 410.398954
445.459370 410.398954
445.574134 410.398954
445.665945 410.398954
445.734804 410.398954
446.331578 410.398954
446.652918 410.398954
446.813588 410.398954
446.813588 410.398954
447.272645 410.398954
448.443240 422.074222
447.754654 404.561320
448.626863 404.561320
448.626863 404.561320
448.994108 398.723686
449.361354 398.723686
449.659741 398.723686
449.797458 392.886052
449.866317 392.886052
450.046617 422.074222
450.230240 422.074222
450.712250 416.236588
451.194260 416.236588
451.882845 398.723686
452.548478 398.723686
452.984582 398.723686
453.696120 427.911856
454.109271 427.911856
454.315847 427.911856
454.706045 427.911856
455.256914 422.074222
456.152075 422.074222
456.381603 422.074222
456.748849 422.074222
457.047236 422.074222
457.781727 422.074222
458.148973 422.074222
458.585077 462.937661
458.745747 462.937661
459.044134 462.937661
459.181851 462.937661
459.273662 462.937661
459.365474 457.100027
459.503191 457.100027
459.709767 457.100027
459.709767 457.100027
459.847484 457.100027
459.847484 457.100027
459.893389 451.262393
460.141982 527.151636
460.392803 527.151636
460.826038 521.314002
461.076858 492.125832
461.396084 468.775295
462.011733 392.886052
462.718591 357.860247
463.379844 334.509710
463.699070 334.509710
464.041097 363.697881
464.132305 363.697881
464.611144 363.697881
464.725153 363.697881
465.044379 375.373149
465.660028 375.373149
465.819641 375.373149
466.230074 387.048418
466.344084 387.048418
466.822922 398.723686
466.959733 398.723686
467.438572 404.561320
467.598185 404.561320
467.598185 404.561320
468.852286 457.100027
468.145429 387.048418
469.239918 404.561320
469.581945 375.373149
469.741558 375.373149
469.855567 375.373149
470.081132 474.612929
470.310661 462.937661
470.746765 462.937661
470.884482 462.937661
471.045152 462.937661
471.320586 462.937661
471.641926 462.937661
471.871454 462.937661
471.871454 462.937661
472.284606 457.100027
472.720710 457.100027
472.720710 457.100027
472.904332 457.100027
473.501107 451.262393
473.822446 451.262393
474.396268 451.262393
474.396268 451.262393
474.556938 451.262393
474.671702 451.262393
474.786466 451.262393
475.291429 451.262393
475.383240 451.262393
475.566863 451.262393
475.911156 451.262393
476.186590 451.262393
476.829270 433.749490
477.104704 433.749490
477.104704 433.749490
477.127657 433.749490
478.068723 416.236588
478.068723 416.236588
478.321205 416.236588
478.321205 416.236588
478.780262 416.236588
478.780262 416.236588
479.147507 416.236588
479.308177 416.236588
479.308177 416.236588
479.468847 416.236588
479.468847 416.236588
479.537706 416.236588
479.675423 404.561320
479.859046 410.398954
479.927904 410.398954
480.062186 433.749490
480.153393 433.749490
480.905854 387.048418
481.384693 387.048418
481.840730 392.886052
482.068748 392.886052
482.593190 392.886052
483.049227 392.886052
483.208840 392.886052
483.550868 392.886052
483.596472 392.886052
484.918979 439.587125
484.918979 439.587125
485.808250 404.561320
486.104674 404.561320
486.241485 404.561320
486.469504 404.561320
486.697522 404.561320
487.085154 404.561320
487.404379 404.561320
487.678002 404.561320
487.792011 404.561320
488.293651 416.236588
488.293651 416.236588
488.362057 416.236588
489.023310 457.100027
489.023310 457.100027
489.160121 457.100027
489.547753 457.100027
489.570555 457.100027
489.593356 457.100027
489.661762 457.100027
489.730167 462.937661
489.889780 451.262393
490.046788 433.749490
490.092694 433.749490
490.896044 422.074222
491.217384 416.236588
491.515771 416.236588
492.089592 398.723686
492.433885 398.723686
492.824083 398.723686
492.824083 398.723686
493.604480 392.886052
493.879914 392.886052
493.879914 392.886052
494.430782 392.886052
494.752122 392.886052
494.752122 392.886052
494.866887 392.886052
495.555472 387.048418
495.762048 387.048418
496.267010 387.048418
496.267010 387.048418
497.185124 387.048418
497.919616 387.048418
497.919616 387.048418
497.965521 387.048418
498.218003 387.048418
498.401625 387.048418
498.562295 387.048418
498.791824 387.048418
498.791824 387.048418
498.998399 375.373149
499.090211 375.373149
499.227928 375.373149
499.480409 375.373149
499.618126 392.886052
499.755843 392.886052
499.870608 398.723686
499.870608 398.723686
500.113213 381.210783
500.113213 381.210783
500.296836 375.373149
500.870657 375.373149
501.077233 375.373149
501.421526 375.373149
502.087158 433.749490
502.408498 439.587125
502.569168 439.587125
502.936414 439.587125
503.441376 439.587125
503.877480 439.587125
503.992245 439.587125
504.359490 439.587125
504.359490 439.587125
504.405396 439.587125
504.749689 433.749490
505.277604 427.911856
505.277604 427.911856
505.644850 427.911856
505.644850 427.911856
505.874378 427.911856
505.874378 427.911856
506.080954 427.911856
506.425247 422.074222
506.792492 422.074222
507.251549 427.911856
507.343361 433.749490
507.779465 445.424759
508.169663 445.424759
508.238522 445.424759
508.353286 445.424759
509.087777 445.424759
509.087777 445.424759
509.087777 445.424759
509.363211 462.937661
509.569787 474.612929
509.937033 457.100027
509.937033 457.100027
510.048512 486.288198
510.208125 486.288198
510.458946 480.450563
510.732568 427.911856
510.983388 422.074222
510.983388 422.074222
511.462227 416.236588
511.735849 451.262393
512.169084 445.424759
512.579517 416.236588
512.739130 445.424759
512.921545 468.775295
513.103959 492.125832
513.582798 515.476368
514.152844 503.801100
514.654485 480.450563
515.589360 480.450563
516.182208 474.612929
516.866263 468.775295
516.866263 468.775295
517.208291 468.775295
517.481913 468.775295
517.573121 468.775295
517.846743 468.775295
518.097563 486.288198
518.165969 486.288198
518.439591 509.638734
518.439591 509.638734
518.758816 509.638734
518.758816 509.638734
519.100844 497.963466
519.374466 480.450563
519.374466 480.450563
519.556881 462.937661
519.853305 445.424759
519.876107 439.587125
520.055917 474.612929
520.216587 462.937661
520.400209 451.262393
520.675644 462.937661
521.065842 480.450563
521.524899 486.288198
521.777380 462.937661
522.282343 427.911856
522.557777 474.612929
522.833211 468.775295
523.016834 457.100027
523.498844 457.100027
523.774278 480.450563
523.843137 480.450563
524.118571 474.612929
524.371052 474.612929
524.416958 474.612929
524.623534 474.612929
524.623534 474.612929
524.921921 474.612929
524.944873 474.612929
525.289166 497.963466
525.656412 521.314002
526.023657 509.638734
526.046610 509.638734
526.367950 532.989270
526.849960 527.151636
527.263111 509.638734
527.400828 509.638734
527.561498 509.638734
527.813980 527.151636
528.089414 532.989270
528.250084 532.989270
528.341895 532.989270
528.341895 532.989270
528.617329 532.989270
528.938669 562.177441
529.099339 562.177441
529.237056 562.177441
529.512490 538.826905
529.512490 538.826905
529.627255 538.826905
529.742019 544.664539
529.810877 550.502173
529.856783 550.502173
530.059923 515.476368
530.310744 497.963466
530.607168 509.638734
530.994799 527.151636
531.131610 527.151636
531.747260 521.314002
532.362910 509.638734
532.978559 538.826905
533.046965 538.826905
533.274983 532.989270
533.617011 532.989270
534.027444 544.664539
534.301066 544.664539
534.597490 544.664539
535.007923 532.989270
535.372753 527.151636
535.418357 527.151636
536.011204 509.638734
536.284827 509.638734
536.490043 538.826905
536.923278 556.339807
537.014486 556.339807
537.356513 568.015075
537.470522 568.015075
537.698541 597.203246
537.744145 597.203246
538.063370 603.040880
538.291389 632.229051
538.291389 632.229051
538.724624 649.741953
539.340274 661.417221
539.363075 661.417221
539.363075 661.417221
539.545490 643.904319
539.727905 626.391416
539.910320 608.878514
539.998620 573.852709
540.182243 585.527978
540.319960 597.203246
540.457677 603.040880
540.870828 667.254855
541.123310 708.118294
541.123310 708.118294
541.467602 725.631196
541.651225 731.468831
541.926659 731.468831
542.018471 731.468831
542.362764 725.631196
542.385716 725.631196
543.097255 696.443026
543.280878 696.443026
543.372689 696.443026
543.533359 696.443026
543.739935 696.443026
544.061274 696.443026
544.313756 708.118294
544.520331 708.118294
544.520331 708.118294
544.520331 708.118294
545.140058 731.468831
545.140058 731.468831
545.185964 731.468831
545.943408 737.306465
545.943408 737.306465
546.310654 737.306465
546.310654 737.306465
546.310654 737.306465
546.815616 737.306465
546.815616 737.306465
547.022192 737.306465
547.159909 737.306465
547.527155 713.955928
547.641919 713.955928
548.055070 713.955928
548.284599 713.955928
548.560033 713.955928
548.697750 713.955928
548.927278 713.955928
549.133854 719.793562
549.409288 719.793562
549.478147 719.793562
549.478147 719.793562
549.730628 731.468831
549.937204 737.306465
550.042092 789.845172
550.133904 778.169903
550.271621 772.332269
550.455243 766.494635
551.097923 754.819367
551.534027 754.819367
552.016037 754.819367
552.153754 754.819367
552.268518 754.819367
552.589858 743.144099
552.911198 731.468831
553.347302 678.930123
554.242463 591.365612
554.999907 614.716148
555.298294 690.605392
555.436012 690.605392
555.688493 684.767758
555.895069 684.767758
555.963927 684.767758
556.101644 684.767758
556.193456 684.767758
556.698418 690.605392
556.813182 708.118294
557.065664 719.793562
557.134522 719.793562
557.478815 737.306465
557.891966 772.332269
558.121495 772.332269
558.328070 766.494635
558.580552 766.494635
558.787127 766.494635
559.154373 766.494635
559.406854 766.494635
559.521619 766.494635
559.705241 766.494635
559.774100 766.494635
559.820006 766.494635
560.069052 789.845172
560.160259 772.332269
560.365476 760.657001
560.593494 743.144099
560.935522 708.118294
561.414360 667.254855
561.847595 643.904319
562.645660 649.741953
563.078895 655.579587
563.261310 655.579587
563.557734 655.579587
563.603337 655.579587
563.717347 655.579587
563.717347 655.579587
563.945365 655.579587
564.332996 649.741953
565.062655 737.306465
565.313476 737.306465
565.427485 737.306465
565.815116 737.306465
565.815116 737.306465
565.883522 737.306465
566.544775 713.955928
566.704388 713.955928
566.795595 713.955928
567.183227 702.280660
567.388443 702.280660
567.912886 766.494635
567.958489 766.494635
568.232112 760.657001
568.346121 760.657001
568.551337 760.657001
568.596941 760.657001
569.189789 754.819367
569.326600 754.819367
569.851042 719.793562
569.919448 719.793562
570.007748 667.254855
570.191371 667.254855
570.237277 667.254855
570.719287 667.254855
570.719287 667.254855
571.316061 667.254855
571.591495 673.092489
571.889882 690.605392
572.027599 690.605392
572.532562 702.280660
573.175242 754.819367
573.198194 754.819367
573.680204 713.955928
573.749063 713.955928
574.116308 713.955928
574.116308 713.955928
574.391743 708.118294
574.598318 708.118294
574.667177 708.118294
574.758988 708.118294
575.034422 702.280660
575.332809 702.280660
575.516432 696.443026
575.654149 696.443026
576.090253 690.605392
576.250923 690.605392
576.618169 690.605392
576.824744 690.605392
577.375613 713.955928
577.375613 713.955928
577.605141 725.631196
577.628094 725.631196
577.857623 748.981733
578.201915 772.332269
578.201915 772.332269
578.454397 784.007538
579.074124 784.007538
579.097077 784.007538
579.326605 784.007538
579.326605 784.007538
579.579086 754.819367
579.808615 725.631196
579.808615 725.631196
579.923379 725.631196
580.057661 696.443026
580.240076 708.118294
580.513698 696.443026
580.696112 673.092489
580.810122 673.092489
581.106546 702.280660
581.266159 702.280660
581.402970 702.280660
581.881808 702.280660
582.178232 737.306465
582.360647 743.144099
582.360647 743.144099
582.360647 743.144099
582.725477 754.819367
582.930693 754.819367
583.204315 760.657001
583.204315 760.657001
583.386730 760.657001
583.386730 760.657001
583.409532 760.657001
583.819965 754.819367
584.435615 754.819367
584.435615 754.819367
584.458417 754.819367
584.686435 754.819367
585.119670 737.306465
585.256481 737.306465
585.461698 737.306465
585.621311 737.306465
585.940536 737.306465
585.940536 737.306465
585.986140 737.306465
586.214159 743.144099
586.510582 743.144099
587.035025 743.144099
587.057827 743.144099
587.399854 743.144099
587.399854 743.144099
587.582269 731.468831
588.061108 708.118294
588.061108 708.118294
588.471541 719.793562
588.813569 719.793562
588.813569 719.793562
589.064389 748.981733
589.429218 748.981733
589.429218 748.981733
589.566029 754.819367
589.748444 754.819367
589.839652 760.657001
590.019310 743.144099
590.111122 743.144099
590.248839 743.144099
590.455415 731.468831
590.753802 731.468831
591.121047 737.306465
591.121047 737.306465
591.511246 737.306465
592.016208 760.657001
592.727747 760.657001
592.727747 760.657001
592.934322 778.169903
593.347474 778.169903
593.577002 778.169903
593.622908 778.169903
594.173776 748.981733
594.563975 731.468831
594.747597 731.468831
595.137796 731.468831
595.711617 719.793562
595.711617 719.793562
596.101815 719.793562
596.492014 743.144099
596.652684 754.819367
597.088788 743.144099
597.180599 737.306465
597.570798 667.254855
597.570798 667.254855
597.915090 684.767758
598.351195 696.443026
598.741393 696.443026
598.741393 696.443026
598.856157 702.280660
599.085686 713.955928
599.567696 725.631196
599.774271 760.657001
599.774271 760.657001
599.820177 760.657001
600.092289 731.468831
600.207053 725.631196
600.436582 725.631196
600.757922 725.631196
600.780874 725.631196
601.125167 743.144099
601.331743 743.144099
601.446507 743.144099
601.767847 760.657001
602.043281 760.657001
602.410527 795.682806
602.594149 795.682806
602.685961 795.682806
603.099112 795.682806
603.328641 789.845172
603.489311 789.845172
603.535216 766.494635
604.017226 754.819367
604.636953 754.819367
604.751717 754.819367
604.843529 760.657001
604.866481 760.657001
605.646878 760.657001
605.646878 760.657001
606.060030 760.657001
606.151841 760.657001
606.473181 760.657001
606.473181 760.657001
607.001096 772.332269
607.299483 772.332269
607.391295 772.332269
607.873305 819.033342
608.447126 836.546245
608.447126 836.546245
608.768466 836.546245
608.791419 836.546245
609.158664 824.870976
609.158664 824.870976
609.640674 824.870976
609.801344 848.221513
609.801344 848.221513
609.847250 848.221513
609.893155 848.221513
609.962014 848.221513
610.096145 813.195708
610.096145 813.195708
610.324163 813.195708
610.894209 854.059147
611.167831 854.059147
611.715076 824.870976
612.216716 824.870976
612.239518 824.870976
612.581546 824.870976
612.581546 824.870976
612.969177 824.870976
613.379610 824.870976
613.516421 830.708611
613.516421 830.708611
613.812845 830.708611
614.747721 883.247318
614.747721 883.247318
615.340569 877.409684
615.340569 877.409684
615.636993 824.870976
616.047426 772.332269
616.047426 772.332269
616.412255 731.468831
616.412255 731.468831
616.663076 784.007538
616.822688 801.520440
617.164716 854.059147
617.438338 795.682806
617.575149 772.332269
617.803168 754.819367
618.282006 754.819367
618.783647 748.981733
618.783647 748.981733
619.080071 754.819367
619.353693 760.657001
619.353693 760.657001
619.604513 766.494635
619.832532 766.494635
620.057945 1046.701073
620.264521 1046.701073
620.425191 1046.701073
620.448144 1052.538707
620.838342 1064.213975
620.930154 994.162366
620.930154 912.435488
620.953106 842.383879
621.228541 842.383879
621.503975 848.221513
621.871220 859.896781
622.169607 877.409684
622.307324 883.247318
622.399136 883.247318
622.858193 918.273122
623.018863 924.110756
623.340203 924.110756
623.340203 924.110756
623.799260 900.760220
624.304222 877.409684
624.327175 877.409684
624.625562 877.409684
624.946902 877.409684
625.612535 877.409684
625.612535 877.409684
626.002733 871.572049
626.438837 842.383879
626.438837 842.383879
626.966753 842.383879
627.012658 842.383879
627.288093 842.383879
627.494668 842.383879
627.838961 889.084952
628.160301 894.922586
628.160301 894.922586
628.160301 906.597854
628.504594 906.597854
628.848886 889.084952
628.871839 889.084952
628.871839 889.084952
629.170226 877.409684
629.445660 854.059147
629.629283 854.059147
629.767000 854.059147
629.904717 854.059147
630.039150 789.845172
630.175961 784.007538
630.426781 789.845172
630.654800 801.520440
630.814413 801.520440
630.974026 819.033342
631.224846 842.383879
631.612477 842.383879
631.908901 807.358074
632.296533 801.520440
632.615758 819.033342
632.615758 819.033342
632.752569 824.870976
633.185804 836.546245
633.505030 830.708611
633.573436 830.708611
634.029473 819.033342
634.257491 813.195708
634.645122 807.358074
634.759132 807.358074
634.964348 795.682806
635.443187 784.007538
635.671205 778.169903
635.944827 760.657001
636.150044 760.657001
636.218450 760.657001
636.856901 784.007538
637.198929 795.682806
637.723371 795.682806
637.723371 795.682806
638.088201 725.631196
638.544238 784.007538
638.749454 789.845172
638.749454 789.845172
639.296698 801.520440
639.661528 784.007538
639.661528 784.007538
639.821141 795.682806
639.821141 795.682806
640.069507 784.007538
640.344941 784.007538
640.620376 766.494635
640.781046 760.657001
641.033527 754.819367
641.400772 737.306465
641.584395 731.468831
641.997547 690.605392
642.158216 690.605392
642.158216 690.605392
642.617273 667.254855
643.099283 667.254855
643.489482 667.254855
643.719010 667.254855
643.994444 667.254855
644.063303 667.254855
644.499407 667.254855
644.843700 673.092489
644.912558 673.092489
644.912558 673.092489
645.417521 684.767758
645.692955 708.118294
645.761814 708.118294
645.876578 708.118294
646.014295 708.118294
646.014295 708.118294
646.037248 708.118294
646.243824 708.118294
646.404494 708.118294
647.116032 702.280660
647.116032 702.280660
647.712806 678.930123
648.011193 649.741953
648.447297 649.741953
648.952260 655.579587
648.998165 655.579587
649.273600 655.579587
649.549034 673.092489
649.549034 673.092489
649.663798 678.930123
649.893327 696.443026
650.021168 684.767758
650.319555 696.443026
651.122905 760.657001
651.237669 760.657001
651.559009 696.443026
651.696726 696.443026
652.018066 696.443026
652.247594 696.443026
652.614840 696.443026
652.798463 696.443026
652.890274 696.443026
653.487048 673.092489
653.854294 673.092489
654.244492 673.092489
654.313351 673.092489
654.611738 673.092489
654.634691 673.092489
654.772408 673.092489
654.772408 673.092489
655.047842 673.092489
655.300323 696.443026
655.575757 696.443026
655.759380 824.870976
656.011861 883.247318
656.402060 900.760220
656.402060 900.760220
656.792258 865.734415
657.366080 871.572049
657.572655 929.948391
657.687419 941.623659
657.939901 970.811829
658.353052 1000.000000
658.559628 976.649464
658.835062 953.298927
659.041637 935.786025
659.294119 918.273122
659.500694 918.273122
659.707270 900.760220
659.867940 883.247318
659.913846 877.409684
660.093882 924.110756
660.207891 924.110756
660.481513 924.110756
660.572721 900.760220
660.732334 883.247318
661.051559 842.383879
661.256776 830.708611
661.598804 819.033342
661.918029 819.033342
662.351265 830.708611
662.465274 830.708611
662.830103 819.033342
663.400149 813.195708
663.445753 813.195708
663.833384 813.195708
664.221016 848.221513
664.357827 848.221513
664.403430 848.221513
664.517440 848.221513
664.631449 848.221513
664.791062 848.221513
665.133089 848.221513
665.429513 848.221513
665.657532 848.221513
665.953956 848.221513
666.090767 848.221513
666.181974 848.221513
666.364389 848.221513
666.524002 848.221513
666.638011 848.221513
666.866029 854.059147
667.253661 883.247318
667.550085 877.409684
667.732500 877.409684
667.823707 877.409684
667.914914 877.409684
668.234140 854.059147
668.416555 854.059147
668.986601 819.033342
669.146214 819.033342
669.237421 819.033342
669.397034 830.708611
669.488241 830.708611
669.761864 877.409684
669.921476 889.084952
670.032730 836.546245
670.032730 836.546245
670.721315 836.546245
671.088561 836.546245
671.501712 836.546245
671.662382 836.546245
671.777146 836.546245
671.983722 836.546245
672.901836 871.572049
672.901836 871.572049
673.154317 848.221513
673.498610 848.221513
673.498610 848.221513
673.751091 830.708611
674.692158 848.221513
674.692158 848.221513
675.288932 836.546245
675.288932 836.546245
675.885706 801.520440
675.885706 801.520440
676.459527 807.358074
676.643150 807.358074
676.712009 813.195708
676.734962 813.195708
677.469453 836.546245
677.561264 842.383879
678.410520 854.059147
678.410520 854.059147
678.938435 854.059147
678.984341 854.059147
679.145011 854.059147
679.282728 854.059147
679.443398 854.059147
679.879502 854.059147
679.879502 854.059147
679.902455 854.059147
680.059689 889.084952
680.173699 877.409684
680.470123 854.059147
680.903358 848.221513
681.199782 848.221513
681.450602 848.221513
681.564611 848.221513
681.564611 848.221513
681.861035 836.546245
682.545090 824.870976
682.545090 824.870976
683.092335 848.221513
683.320353 854.059147
683.730786 859.896781
684.027210 859.896781
684.027210 859.896781
684.528851 859.896781
685.418123 830.708611
685.418123 830.708611
685.805754 854.059147
685.805754 854.059147
686.102178 854.059147
686.147781 854.059147
686.786233 854.059147
686.786233 854.059147
687.151063 848.221513
687.561496 824.870976
688.085938 824.870976
688.587579 819.033342
688.884003 784.007538
689.020814 778.169903
689.020814 778.169903
689.226030 778.169903
689.454049 778.169903
689.704869 778.169903
689.864482 789.845172
690.044292 789.845172
690.182009 772.332269
690.411537 754.819367
690.709925 743.144099
691.031264 719.793562
691.306699 702.280660
691.719850 667.254855
692.041190 643.904319
692.041190 643.904319
692.339577 643.904319
692.637964 643.904319
692.775681 643.904319
692.821587 643.904319
693.142926 632.229051
693.188832 632.229051
693.624936 661.417221
693.923323 661.417221
693.946276 661.417221
694.175805 661.417221
694.175805 661.417221
694.566003 661.417221
694.979154 643.904319
695.484117 638.066685
695.530023 638.066685
695.920221 649.741953
696.195655 661.417221
696.310420 673.092489
696.494042 673.092489
696.494042 673.092489
696.953099 690.605392
697.458062 708.118294
697.917119 702.280660
698.330270 690.605392
698.513893 690.605392
698.743422 684.767758
699.454960 661.417221
699.454960 661.417221
699.753347 667.254855
699.914017 684.767758
700.067793 690.605392
700.412992 690.605392
700.930790 696.443026
700.930790 708.118294
701.448588 725.631196
701.448588 725.631196
702.081453 725.631196
702.254052 731.468831
702.599251 731.468831
702.599251 731.468831
702.771850 731.468831
703.001983 725.631196
703.174582 725.631196
703.577314 725.631196
703.577314 725.631196
703.922513 725.631196
704.210179 725.631196
704.210179 725.631196
704.497844 725.631196
704.785510 725.631196
704.958109 725.631196
705.475907 713.955928
705.475907 713.955928
705.763573 713.955928
706.166305 708.118294
706.799169 702.280660
707.316967 702.280660
707.316967 702.280660
708.179964 731.468831
708.927895 784.007538
709.215561 754.819367
709.445693 737.306465
709.848425 696.443026
710.366223 696.443026
710.366223 696.443026
710.711422 684.767758
711.114154 684.767758
712.092217 696.443026
712.725081 702.280660
712.725081 702.280660
713.185346 713.955928
714.048343 754.819367
714.048343 754.819367
714.623675 772.332269
715.371605 807.358074
715.544205 807.358074
716.062003 830.708611
716.637334 859.896781
716.809933 859.896781
717.442798 854.059147
717.442798 854.059147
717.557864 836.546245
718.708527 807.358074
718.708527 807.358074
719.456457 824.870976
719.456457 824.870976
719.801656 830.708611
720.319454 854.059147
720.837252 865.734415
721.355050 854.059147
721.987915 865.734415
722.620779 865.734415
722.793379 865.734415
723.138577 883.247318
723.771442 906.597854
723.944041 900.760220
723.944041 900.760220
724.174174 889.084952
724.404306 883.247318
724.461839 877.409684
724.691972 871.572049
724.807038 871.572049
725.102594 871.572049
725.274740 871.572049
725.791179 859.896781
726.307618 859.896781
726.422383 859.896781
726.766675 859.896781
727.110968 859.896781
727.627407 807.358074
727.397879 772.332269
727.742171 760.657001
728.143846 801.520440
728.430757 807.358074
728.889814 854.059147
729.521017 871.572049
729.980074 871.572049
730.668660 865.734415
731.758920 842.383879
731.758920 842.383879
732.275359 795.682806
732.734416 772.332269
733.308237 766.494635
734.283733 743.144099
734.283733 743.144099
734.685408 772.332269
735.488758 766.494635
735.603522 760.657001
735.890433 690.605392
736.349490 661.417221
737.210222 608.878514
737.210222 608.878514
737.956189 597.203246
738.128336 597.203246
738.989067 591.365612
739.562889 591.365612
740.366238 585.527978
740.366238 585.527978
740.481003 585.527978
741.972938 568.015075
741.972938 568.015075
741.972938 568.015075
742.604141 568.015075
743.407491 550.502173
744.096076 538.826905
744.555133 538.826905
744.555133 538.826905
745.186337 521.314002
745.817540 515.476368
746.448743 515.476368
746.448743 515.476368
747.194711 486.288198
747.653768 480.450563
747.653768 480.450563
747.998061 492.125832
748.514500 509.638734
749.030939 527.151636
749.547378 521.314002
749.719524 521.314002
750.129618 486.288198
750.129618 486.288198
750.474816 474.612929
750.877548 462.937661
750.877548 462.937661
751.222747 480.450563
751.567946 486.288198
751.740545 427.911856
751.798078 427.911856
752.258343 433.749490
752.258343 433.749490
752.776141 433.749490
752.891208 433.749490
753.926804 433.749490
754.732268 433.749490
754.732268 433.749490
755.365132 433.749490
755.882930 433.749490
755.882930 433.749490
756.976060 439.587125
757.436325 457.100027
757.723990 457.100027
758.241789 468.775295
758.932186 486.288198
759.622584 527.151636
760.025316 538.826905
760.312981 538.826905
760.888312 538.826905
761.175978 538.826905
761.175978 538.826905
761.808842 509.638734
762.556773 486.288198
763.707436 503.801100
763.995101 556.339807
764.570433 591.365612
765.548496 620.553782
766.411493 562.177441
766.584092 562.177441
767.216956 573.852709
768.310086 573.852709
769.460748 538.826905
769.460748 538.826905
770.093613 462.937661
771.589474 445.424759
771.762074 445.424759
772.740137 480.450563
774.120932 451.262393
774.120932 451.262393
774.351064 457.100027
774.811329 474.612929
774.992121 462.937661
775.565942 439.587125
776.426674 462.937661
776.885731 462.937661
776.885731 462.937661
777.115259 468.775295
777.975991 492.125832
777.975991 492.125832
778.894105 492.125832
779.123634 497.963466
779.123634 497.963466
779.697455 503.801100
779.926983 503.801100
779.926983 503.801100
780.615569 503.801100
781.361536 503.801100
782.681325 573.852709
782.681325 573.852709
783.484675 556.339807
783.542057 556.339807
783.542057 556.339807
783.542057 556.339807
784.058496 538.826905
784.574935 509.638734
785.206139 503.801100
786.353781 480.450563
787.271895 480.450563
787.501423 480.450563
788.821212 480.450563
788.821212 480.450563
789.854090 492.125832
791.460790 492.125832
791.460790 492.125832
792.149375 480.450563
792.665814 480.450563
792.895343 480.450563
792.895343 480.450563
793.411782 457.100027
794.559424 457.100027
794.559424 457.100027
795.190628 457.100027
795.362774 451.262393
795.592303 451.262393
795.592303 451.262393
796.223506 451.262393
797.256384 457.100027
797.658059 468.775295
797.772823 468.775295
798.174498 480.450563
798.690937 497.963466
798.690937 497.963466
798.863083 497.963466
799.494287 503.801100
799.895962 486.288198
799.895962 486.288198
800.242421 509.638734
800.357488 509.638734
800.357488 509.638734
800.817753 562.177441
801.680750 562.177441
801.680750 562.177441
801.968415 486.288198
802.256081 480.450563
803.004011 503.801100
803.004011 503.801100
803.464276 562.177441
804.154674 597.203246
804.442340 597.203246
805.247803 573.852709
805.535469 562.177441
806.283400 562.177441
806.283400 562.177441
807.203930 562.177441
808.124460 562.177441
808.124460 562.177441
808.814857 562.177441
810.253186 573.852709
810.253186 573.852709
811.633981 579.690343
813.187375 550.502173
813.302441 480.450563
813.475041 439.587125
814.165438 439.587125
814.510637 439.587125
814.740769 451.262393
814.913369 538.826905
815.201035 585.527978
815.776366 573.852709
816.639363 562.177441
817.214694 562.177441
817.502360 486.288198
818.077691 439.587125
818.883155 439.587125
819.631085 427.911856
820.436549 416.236588
821.242013 404.561320
821.587212 392.886052
821.989944 392.886052
822.047477 392.886052
823.025540 392.886052
824.233736 392.886052
824.694001 392.886052
825.162005 392.886052
825.448915 381.210783
826.137501 387.048418
826.940850 398.723686
827.285143 392.886052
827.686818 392.886052
828.490168 416.236588
829.121371 416.236588
829.523046 416.236588
829.924721 416.236588
831.187127 427.911856
831.703566 427.911856
832.162623 427.911856
832.162623 427.911856
832.965973 427.911856
833.367648 422.074222
834.113616 422.074222
834.400526 422.074222
834.630055 422.074222
834.744819 422.074222
835.089112 422.074222
835.203876 422.074222
835.261258 422.074222
836.179372 422.074222
836.179372 422.074222
836.236754 422.074222
836.867957 422.074222
837.269632 427.911856
838.646803 427.911856
838.646803 427.911856
839.450153 422.074222
839.622299 422.074222
839.622299 422.074222
840.655177 422.074222
840.769942 422.074222
840.769942 422.074222
840.999470 422.074222
841.860202 427.911856
843.065227 427.911856
844.098105 427.911856
844.901455 427.911856
844.901455 427.911856
845.819568 422.074222
846.622918 422.074222
846.622918 422.074222
847.655796 416.236588
847.655796 416.236588
848.401764 416.236588
848.401764 416.236588
849.205114 416.236588
849.205114 416.236588
849.492024 416.236588
849.664171 416.236588
849.778935 416.236588
850.074000 416.236588
850.590439 416.236588
851.279024 416.236588
851.910228 416.236588
853.230017 427.911856
853.230017 427.911856
854.205513 422.074222
854.205513 422.074222
854.779334 422.074222
855.467919 422.074222
855.812212 422.074222
856.271269 422.074222
856.271269 422.074222
856.443415 422.074222
856.500797 422.074222
857.705822 422.074222
858.968229 422.074222
859.025611 422.074222
861.033985 445.424759
861.033985 445.424759
861.033985 445.424759
861.091367 445.424759
861.263514 445.424759
862.525920 445.424759
862.525920 445.424759
863.386652 433.749490
864.763823 433.749490
864.763823 433.749490
865.509791 433.749490
865.681937 433.749490
865.681937 433.749490
866.255758 433.749490
867.575547 433.749490
868.321515 433.749490
868.321515 433.749490
868.608425 433.749490
868.608425 433.749490
869.411775 433.749490
870.272507 439.587125
871.075856 439.587125
871.936588 439.587125
871.993970 439.587125
873.026849 445.424759
873.658052 445.424759
874.404020 445.424759
874.690930 445.424759
875.043490 375.373149
875.964020 381.210783
876.769484 392.886052
877.114683 392.886052
877.574948 392.886052
877.920147 392.886052
878.553011 392.886052
878.610544 392.886052
879.531074 439.587125
879.876273 439.587125
881.199535 404.561320
881.487201 404.561320
881.889933 410.398954
882.177598 427.911856
882.867996 427.911856
883.213194 427.911856
883.961125 427.911856
884.248791 427.911856
885.284387 427.911856
885.284387 427.911856
885.284387 427.911856
887.067914 457.100027
887.067914 457.100027
888.276110 457.100027
888.506242 457.100027
888.908974 468.775295
891.440432 474.612929
891.440432 474.612929
893.051359 480.450563
893.051359 480.450563
893.166425 480.450563
894.317088 480.450563
895.007486 480.450563
895.007486 480.450563
895.065019 480.450563
895.582817 480.450563
896.675946 480.450563
897.538943 468.775295
897.538943 468.775295
898.114274 457.100027
899.380003 462.937661
899.552603 462.937661
899.667669 462.937661
899.782735 462.937661
900.129384 503.801100
900.474582 497.963466
901.452646 492.125832
902.315642 492.125832
903.523838 486.288198
904.214236 486.288198
905.940229 486.288198
907.090892 457.100027
908.414154 451.262393
908.414154 451.262393
909.219618 451.262393
910.370280 451.262393
911.233277 451.262393
911.233277 451.262393
912.038741 451.262393
912.614072 451.262393
914.455132 468.775295
914.455132 468.775295
914.800331 468.775295
915.893461 468.775295
916.238659 468.775295
917.159189 462.937661
918.712584 445.424759
918.712584 445.424759
919.460514 445.424759
920.438578 451.262393
921.128975 451.262393
921.589240 486.288198
922.624836 486.288198
922.624836 486.288198
923.372767 486.288198
923.775499 468.775295
924.120698 468.775295
924.120698 468.775295
924.523430 468.775295
924.523430 468.775295
924.868628 468.775295
924.868628 468.775295
925.106651 515.476368
925.795237 509.638734
926.598586 515.476368
927.115025 515.476368
927.860993 515.476368
928.549578 515.476368
929.410310 538.826905
930.557953 527.151636
931.590831 527.151636
932.508945 527.151636
932.566327 527.151636
933.541823 509.638734
935.091140 509.638734
935.091140 509.638734
936.238783 503.801100
937.156897 503.801100
937.156897 503.801100
938.075011 503.801100
939.107889 509.638734
940.083385 550.502173
941.288409 538.826905
941.288409 538.826905
941.747466 532.989270
943.009873 532.989270
944.272280 532.989270
944.272280 532.989270
945.133012 532.989270
946.395418 532.989270
946.395418 532.989270
947.657825 527.151636
949.379289 503.801100
949.379289 503.801100
949.608817 515.476368
949.780964 515.476368
950.127121 550.502173
950.759986 544.664539
950.990118 544.664539
951.162717 544.664539
951.738049 544.664539
951.738049 544.664539
952.313380 544.664539
952.716112 544.664539
953.924308 544.664539
954.729771 538.826905
954.729771 538.826905
955.362636 538.826905
956.225633 515.476368
956.398232 515.476368
958.699557 527.151636
958.699557 527.151636
958.987223 527.151636
959.907753 527.151636
960.137885 527.151636
960.137885 527.151636
961.173482 538.826905
962.726876 538.826905
962.726876 538.826905
962.726876 538.826905
963.704939 538.826905
964.280271 544.664539
965.143267 556.339807
965.776132 556.339807
966.121331 562.177441
966.121331 562.177441
966.869261 568.015075
967.789791 591.365612
968.365123 585.527978
968.825388 585.527978
970.033583 573.852709
970.033583 573.852709
970.723981 591.365612
971.356845 585.527978
971.586978 585.527978
972.104776 579.690343
972.104776 579.690343
972.795173 585.527978
973.945836 585.527978
973.945836 585.527978
974.578700 585.527978
975.154032 573.852709
1000.016384 807.358074
1000.532823 813.195708
1000.991880 819.033342
1001.909994 848.221513
1003.115018 883.247318
1004.262661 894.922586
1005.123393 894.922586
1006.213653 865.734415
1006.213653 865.734415
1007.762970 865.734415
1008.049881 865.734415
1008.738466 889.084952
1009.484434 894.922586
1010.287784 889.084952
1011.492808 871.572049
1013.443800 871.572049
1013.443800 871.572049
1014.017621 842.383879
1015.165264 813.195708
1015.739085 807.358074
1016.829345 859.896781
1017.403167 894.922586
1018.034370 906.597854
1018.550809 906.597854
1018.550809 906.597854
1019.641069 906.597854
1019.641069 906.597854
1021.706826 889.084952
1023.083997 894.922586
1024.289021 894.922586
1024.346403 842.383879
1024.805460 801.520440
1025.215856 819.033342
1026.078853 819.033342
1026.769250 848.221513
1027.747313 889.084952
1028.552777 929.948391
1029.358241 947.461293
1030.163705 941.623659
1030.221238 941.623659
1030.739036 894.922586
1031.602033 854.059147
1031.602033 854.059147
1032.982828 1017.512902
1033.788292 1046.701073
1034.536222 1099.239780
1034.651289 1110.915048
1035.456752 1169.291389
1035.859484 1186.804292
1036.895081 1256.855901
1036.895081 1256.855901
1038.851207 1303.556974
1039.253939 1303.556974
1040.692267 1286.044072
1042.820993 1268.531169
1042.820993 1268.531169
1043.568923 1268.531169
1043.568923 1268.531169
1044.259321 1262.693535
1044.892185 1256.855901
1045.122318 1256.855901
1045.582583 1256.855901
1045.927782 1256.855901
1046.675712 1256.855901
1047.596242 1256.855901
1047.998974 1256.855901
1047.998974 1256.855901
1048.919504 1268.531169
1049.034571 1268.531169
1049.322236 1280.206438
1049.609902 1291.881706
1050.129150 1134.265585
1051.279812 1145.940853
1051.452412 1151.778487
1052.142809 1169.291389
1052.775674 1227.667731
1052.833207 1227.667731
1053.753737 1227.667731
1054.731800 1227.667731
1055.019466 1227.667731
1056.227661 1227.667731
1056.227661 1227.667731
1056.285194 1227.667731
1057.435857 1227.667731
1058.011188 1227.667731
1058.011188 1227.667731
1059.334450 1233.505365
1059.852248 1239.342999
1059.852248 1239.342999
1060.542646 1251.018267
1061.117977 1251.018267
1061.175510 1251.018267
1061.233043 1251.018267
1061.463176 1251.018267
1061.463176 1251.018267
1062.959037 1251.018267
1063.419302 1251.018267
1064.685031 1251.018267
1064.685031 1251.018267
1066.353492 1251.018267
1066.411025 1251.018267
1068.367151 1256.855901
1068.367151 1256.855901
1069.287681 1256.855901
1069.287681 1256.855901
1069.805479 1256.855901
1069.805479 1256.855901
1070.956142 1280.206438
1070.956142 1280.206438
1071.473940 1280.206438
1072.164338 1291.881706
1072.969801 1309.394608
1073.947865 1315.232242
1073.947865 1315.232242
1074.350596 1315.232242
1074.810861 1315.232242
1074.810861 1315.232242
1075.335946 1227.667731
1075.737620 1233.505365
1076.540970 1262.693535
1077.229556 1262.693535
1077.918141 1262.693535
1078.491962 1262.693535
1078.491962 1262.693535
1078.893637 1262.693535
1079.639605 1262.693535
1079.639605 1262.693535
1080.557719 1262.693535
1080.672483 1262.693535
1082.451329 1262.693535
1082.451329 1262.693535
1083.312061 1262.693535
1083.771117 1262.693535
1084.172792 1262.693535
1085.148288 1262.693535
1086.066402 1262.693535
1086.984516 1256.855901
1086.984516 1256.855901
1087.615720 1256.855901
1087.615720 1256.855901
1090.599590 1064.213975
1090.599590 1064.213975
1091.116029 1052.538707
1091.747232 1046.701073
1092.780111 1017.512902
1096.509949 924.110756
1096.567331 924.110756
1097.141152 924.110756
1097.772355 924.110756
1097.772355 924.110756
1098.805233 912.435488
1098.805233 912.435488
1099.379055 912.435488
1099.723347 912.435488
1099.723347 912.435488
1100.104055 894.922586
1100.795177 859.896781
1101.831861 819.033342
1104.308382 784.007538
1108.109555 760.657001
1111.795541 480.450563
1113.580941 293.646272
1115.769495 130.192516
1115.769495 130.192516
1116.748585 136.030150
1117.785268 147.705419
1119.109920 176.893589
1120.376977 188.568857
1120.376977 188.568857
1122.104783 217.757028
1123.602215 211.919394
1123.602215 211.919394
1124.408524 211.919394
1124.408524 211.919394
1124.696492 206.081760
