0.653170 -1.023084 500.750000 503.340000
-0.217743 -2.111755 503.510000 505.180000
-1.902658 -1.828539 505.350000 507.020000
0.329436 -1.396810 507.190000 508.860000
-0.481692 -1.526360 509.030000 510.700000
-0.839902 -1.273367 510.870000 512.540000
-2.017237 -2.546952 512.710000 514.380000
-1.208034 -1.964951 514.550000 516.220000
-0.007472 -1.673100 516.390000 518.060000
-2.166081 -2.685734 518.230000 519.900000
-0.724600 -2.399960 520.070000 521.740000
-1.427836 -2.863352 521.910000 523.580000
-1.281689 -1.481352 523.750000 525.420000
-0.634292 -2.611207 525.590000 527.260000
-1.174688 -3.162677 527.430000 529.100000
-1.166609 -0.707421 531.170000 533.760000
-1.144482 -1.353067 533.930000 535.600000
-1.822591 -3.449679 535.770000 537.440000
-1.508467 -2.041945 537.610000 539.280000
-1.803363 -3.708097 539.450000 541.120000
-2.732785 -2.223540 541.290000 542.960000
-3.282139 -4.219541 543.130000 544.800000
-0.441519 -3.068767 544.970000 546.640000
-4.066474 -2.802922 546.810000 548.480000
-0.283339 -2.863907 548.650000 550.320000
-1.606116 -1.401022 550.490000 552.160000
-2.619470 -1.709069 552.330000 554.000000
-2.665311 -0.611550 554.170000 555.840000
-1.465419 -0.707151 556.010000 557.680000
-2.189979 -1.437108 557.850000 559.520000
-2.401780 -1.220571 559.760000 562.350000
-1.251089 -1.454532 562.520000 564.190000
-1.780434 -1.953515 564.360000 566.030000
-0.710088 -1.597626 566.200000 567.870000
-3.022823 -2.043047 568.040000 569.710000
-2.777038 -2.692621 569.880000 571.550000
-2.052384 -2.284033 571.720000 573.390000
-1.648762 -1.991394 573.560000 575.230000
-1.899975 -2.192165 575.400000 577.070000
-2.435675 -3.829668 577.240000 578.910000
-1.611314 -1.680986 579.080000 580.750000
-1.506233 -2.015214 580.920000 582.590000
-2.504132 -1.492972 582.760000 584.430000
-1.016942 -0.668298 584.600000 586.270000
-1.432237 -2.195557 586.440000 588.110000
-1.646295 -3.059585 587.430000 590.020000
0.103745 -1.495275 590.190000 591.860000
-1.888268 -1.221421 592.030000 593.700000
-1.549476 -2.300000 593.870000 595.540000
-0.205223 -1.591014 595.710000 597.380000
-1.604406 -1.663178 597.550000 599.220000
-0.796413 -0.472041 599.390000 601.060000
-2.957834 -0.536739 601.230000 602.900000
-1.037212 -1.419647 603.070000 604.740000
-0.910854 -1.995480 604.910000 606.580000
-2.465554 -1.708871 606.750000 608.420000
-2.406210 -1.655544 608.590000 610.260000
-3.843378 -2.295095 610.430000 612.100000
-2.026916 -1.920393 612.270000 613.940000
-0.635212 -0.895140 614.110000 615.780000
-2.854577 -3.804757 615.970000 618.560000
-1.877935 -0.802175 618.730000 620.400000
-2.327634 -1.442096 620.570000 622.240000
-0.990138 -1.123175 622.410000 624.080000
-0.183448 -2.213324 624.250000 625.920000
-2.872313 -0.959846 626.090000 627.760000
-0.769337 -1.095433 627.930000 629.600000
-0.081616 -1.722506 629.770000 631.440000
-1.137182 -0.723138 631.610000 633.280000
-2.185892 -1.821297 633.450000 635.120000
-0.963379 -1.820697 635.290000 636.960000
-3.069780 -1.472918 637.130000 638.800000
-0.713336 -1.306537 638.970000 640.640000
-2.617036 -1.243631 640.810000 642.480000
-1.098430 -1.817114 642.650000 644.320000
-1.735652 -0.788166 644.600000 647.190000
0.561264 -1.697059 647.360000 649.030000
-2.822866 -1.181339 649.200000 650.870000
-1.440350 -0.930758 651.040000 652.710000
-1.372490 -2.560420 652.880000 654.550000
-1.703158 -1.388716 654.720000 656.390000
-2.104821 -0.677842 656.560000 658.230000
-0.919378 -1.867640 658.400000 660.070000
-2.339474 -0.800032 660.240000 661.910000
-1.268468 -1.007494 662.080000 663.750000
-0.541421 -2.003191 663.920000 665.590000
-1.307754 -2.260267 665.760000 667.430000
-2.189636 -2.726324 667.600000 669.270000
-2.339464 -2.285235 669.440000 671.110000
-2.861813 -2.101790 671.280000 672.950000
-1.477756 -0.400037 673.120000 675.710000
-1.195155 -1.500968 675.880000 677.550000
-1.804217 -1.334638 677.720000 679.390000
-1.830279 -0.567007 679.560000 681.230000
-0.494888 -1.491778 681.400000 683.070000
-1.703401 -2.634315 683.240000 684.910000
-1.755147 -2.742115 685.080000 686.750000
-1.774680 -2.737078 686.920000 688.590000
-1.445491 -2.421800 688.760000 690.430000
-1.427966 -2.393007 690.600000 692.270000
-1.800320 -1.067634 692.440000 694.110000
-2.293351 -0.974458 694.280000 695.950000
-1.676201 -2.308679 696.120000 697.790000
-0.608971 -2.410967 697.960000 699.630000
-2.697492 -2.530877 699.800000 701.470000
-1.858086 -1.042110 701.710000 704.300000
-2.744810 -1.871101 704.470000 706.140000
-0.501661 -2.700604 706.310000 707.980000
-0.353776 -0.716925 708.150000 709.820000
-1.943703 -2.803925 709.990000 711.660000
-1.104774 -0.973811 711.830000 713.500000
-0.424054 -2.297055 713.670000 715.340000
-2.658296 -0.715320 715.510000 717.180000
-2.081783 -1.777019 717.350000 719.020000
-1.025982 -2.322190 719.190000 720.860000
-1.492142 -2.837787 721.030000 722.700000
-1.481608 -1.570891 722.870000 724.540000
-1.551100 -2.927010 724.710000 726.380000
-2.233882 -2.278976 726.550000 728.220000
-1.953963 -1.143372 728.390000 730.060000
-0.994519 -3.384756 730.350000 732.940000
-1.313799 -0.572784 733.110000 734.780000
-0.414793 -1.591023 734.950000 736.620000
-0.509319 -2.315006 736.790000 738.460000
-2.039977 -2.462038 738.630000 740.300000
-1.784840 -2.951551 740.470000 742.140000
-0.827472 -2.504242 742.310000 743.980000
-1.004785 -1.962150 744.150000 745.820000
-1.035420 -0.262335 745.990000 747.660000
-2.276838 -1.386314 747.830000 749.500000
-2.731292 -2.097082 749.670000 751.340000
-1.211454 -1.992049 751.510000 753.180000
-0.590625 -0.695201 753.350000 755.020000
-2.329659 -3.145888 755.190000 756.860000
-1.350613 -4.225075 757.030000 758.700000
-1.953880 -2.218708 758.870000 761.460000
-1.741735 -2.766690 761.630000 763.300000
-1.553799 -2.278402 763.470000 765.140000
-2.121746 -2.143844 765.310000 766.980000
-1.746828 -2.406686 767.150000 768.820000
-1.888964 -1.003297 768.990000 770.660000
-1.864377 -2.749187 770.830000 772.500000
-2.398237 -2.407970 772.670000 774.340000
-2.756780 -1.602649 774.510000 776.180000
-1.990470 -1.657890 776.350000 778.020000
-3.061858 0.813222 778.190000 779.860000
-0.762472 -2.853790 780.030000 781.700000
-2.094709 -1.751105 781.870000 783.540000
-2.408821 -1.312011 783.710000 785.380000
-1.511171 -0.277461 785.550000 787.220000
-2.276186 -0.605880 787.470000 790.060000
-2.311431 -1.679830 790.230000 791.900000
-2.083849 -1.153254 792.070000 793.740000
-0.546089 0.184505 793.910000 795.580000
-2.757340 -1.143460 795.750000 797.420000
-1.476625 -1.264827 797.590000 799.260000
-2.801137 -0.775278 799.430000 801.100000
-3.228224 -2.539363 801.270000 802.940000
-3.668896 -1.002180 803.110000 804.780000
-2.852761 0.875073 804.950000 806.620000
-2.597030 -1.942920 806.790000 808.460000
-2.865948 -0.454535 808.630000 810.300000
-1.328461 -1.199863 810.470000 812.140000
-2.624043 -1.640583 812.310000 813.980000
-1.065498 0.171872 814.150000 815.820000
